
12.25, 12.48, 3277.71, 51.69, 75.46, 117.55, 296.05, 80.05, 63.01, 21.46, 100.75, 2104.11, 1943.0, 183.74, 30.32, 34.72, 298.36, 49.81, 272.75, 138.06, 69.71, 477.74, 157.19


tmp <- list(1,2)
c(tmp, 3)

